2023/01/19-12:40:26.976237 20787e2c0 RocksDB version: 6.12.7
2023/01/19-12:40:26.976254 20787e2c0 Git sha rocksdb_build_git_sha:@0@
2023/01/19-12:40:26.976255 20787e2c0 Compile date Jul 27 2021
2023/01/19-12:40:26.976265 20787e2c0 DB SUMMARY
2023/01/19-12:40:26.976266 20787e2c0 DB Session ID:  WOA2IN7UH9LEVABRBK86
2023/01/19-12:40:26.976281 20787e2c0 SST files in /Users/alessandrotezza/Origyn_Foundation/motokobootcamp2023/.dfx/network/local/state/replicated_state/node-100/ic_consensus_pool/certification dir, Total Num: 0, files: 
2023/01/19-12:40:26.976283 20787e2c0 Write Ahead Log file in /Users/alessandrotezza/Origyn_Foundation/motokobootcamp2023/.dfx/network/local/state/replicated_state/node-100/ic_consensus_pool/certification: 
2023/01/19-12:40:26.976284 20787e2c0                         Options.error_if_exists: 0
2023/01/19-12:40:26.976285 20787e2c0                       Options.create_if_missing: 1
2023/01/19-12:40:26.976286 20787e2c0                         Options.paranoid_checks: 1
2023/01/19-12:40:26.976286 20787e2c0                                     Options.env: 0x1051e0358
2023/01/19-12:40:26.976287 20787e2c0                                      Options.fs: Posix File System
2023/01/19-12:40:26.976288 20787e2c0                                Options.info_log: 0x7fa24cf7d5c0
2023/01/19-12:40:26.976289 20787e2c0                Options.max_file_opening_threads: 16
2023/01/19-12:40:26.976289 20787e2c0                              Options.statistics: 0x0
2023/01/19-12:40:26.976290 20787e2c0                               Options.use_fsync: 1
2023/01/19-12:40:26.976291 20787e2c0                       Options.max_log_file_size: 0
2023/01/19-12:40:26.976292 20787e2c0                  Options.max_manifest_file_size: 1073741824
2023/01/19-12:40:26.976293 20787e2c0                   Options.log_file_time_to_roll: 0
2023/01/19-12:40:26.976293 20787e2c0                       Options.keep_log_file_num: 1000
2023/01/19-12:40:26.976294 20787e2c0                    Options.recycle_log_file_num: 0
2023/01/19-12:40:26.976295 20787e2c0                         Options.allow_fallocate: 1
2023/01/19-12:40:26.976296 20787e2c0                        Options.allow_mmap_reads: 0
2023/01/19-12:40:26.976296 20787e2c0                       Options.allow_mmap_writes: 0
2023/01/19-12:40:26.976297 20787e2c0                        Options.use_direct_reads: 0
2023/01/19-12:40:26.976298 20787e2c0                        Options.use_direct_io_for_flush_and_compaction: 0
2023/01/19-12:40:26.976298 20787e2c0          Options.create_missing_column_families: 1
2023/01/19-12:40:26.976299 20787e2c0                              Options.db_log_dir: 
2023/01/19-12:40:26.976300 20787e2c0                                 Options.wal_dir: /Users/alessandrotezza/Origyn_Foundation/motokobootcamp2023/.dfx/network/local/state/replicated_state/node-100/ic_consensus_pool/certification
2023/01/19-12:40:26.976301 20787e2c0                Options.table_cache_numshardbits: 6
2023/01/19-12:40:26.976301 20787e2c0                         Options.WAL_ttl_seconds: 0
2023/01/19-12:40:26.976302 20787e2c0                       Options.WAL_size_limit_MB: 0
2023/01/19-12:40:26.976303 20787e2c0                        Options.max_write_batch_group_size_bytes: 1048576
2023/01/19-12:40:26.976304 20787e2c0             Options.manifest_preallocation_size: 4194304
2023/01/19-12:40:26.976305 20787e2c0                     Options.is_fd_close_on_exec: 1
2023/01/19-12:40:26.976305 20787e2c0                   Options.advise_random_on_open: 1
2023/01/19-12:40:26.976306 20787e2c0                    Options.db_write_buffer_size: 0
2023/01/19-12:40:26.976307 20787e2c0                    Options.write_buffer_manager: 0x7fa24cf7d520
2023/01/19-12:40:26.976308 20787e2c0         Options.access_hint_on_compaction_start: 1
2023/01/19-12:40:26.976308 20787e2c0  Options.new_table_reader_for_compaction_inputs: 0
2023/01/19-12:40:26.976309 20787e2c0           Options.random_access_max_buffer_size: 1048576
2023/01/19-12:40:26.976310 20787e2c0                      Options.use_adaptive_mutex: 0
2023/01/19-12:40:26.976310 20787e2c0                            Options.rate_limiter: 0x0
2023/01/19-12:40:26.976322 20787e2c0     Options.sst_file_manager.rate_bytes_per_sec: 0
2023/01/19-12:40:26.976323 20787e2c0                       Options.wal_recovery_mode: 2
2023/01/19-12:40:26.976324 20787e2c0                  Options.enable_thread_tracking: 0
2023/01/19-12:40:26.976324 20787e2c0                  Options.enable_pipelined_write: 0
2023/01/19-12:40:26.976325 20787e2c0                  Options.unordered_write: 0
2023/01/19-12:40:26.976326 20787e2c0         Options.allow_concurrent_memtable_write: 1
2023/01/19-12:40:26.976326 20787e2c0      Options.enable_write_thread_adaptive_yield: 1
2023/01/19-12:40:26.976327 20787e2c0             Options.write_thread_max_yield_usec: 100
2023/01/19-12:40:26.976328 20787e2c0            Options.write_thread_slow_yield_usec: 3
2023/01/19-12:40:26.976329 20787e2c0                               Options.row_cache: None
2023/01/19-12:40:26.976329 20787e2c0                              Options.wal_filter: None
2023/01/19-12:40:26.976330 20787e2c0             Options.avoid_flush_during_recovery: 0
2023/01/19-12:40:26.976331 20787e2c0             Options.allow_ingest_behind: 0
2023/01/19-12:40:26.976332 20787e2c0             Options.preserve_deletes: 0
2023/01/19-12:40:26.976332 20787e2c0             Options.two_write_queues: 0
2023/01/19-12:40:26.976333 20787e2c0             Options.manual_wal_flush: 0
2023/01/19-12:40:26.976334 20787e2c0             Options.atomic_flush: 0
2023/01/19-12:40:26.976335 20787e2c0             Options.avoid_unnecessary_blocking_io: 0
2023/01/19-12:40:26.976335 20787e2c0                 Options.persist_stats_to_disk: 0
2023/01/19-12:40:26.976336 20787e2c0                 Options.write_dbid_to_manifest: 0
2023/01/19-12:40:26.976337 20787e2c0                 Options.log_readahead_size: 0
2023/01/19-12:40:26.976338 20787e2c0                 Options.file_checksum_gen_factory: Unknown
2023/01/19-12:40:26.976339 20787e2c0                 Options.best_efforts_recovery: 0
2023/01/19-12:40:26.976339 20787e2c0                Options.max_bgerror_resume_count: 2147483647
2023/01/19-12:40:26.976340 20787e2c0            Options.bgerror_resume_retry_interval: 1000000
2023/01/19-12:40:26.976341 20787e2c0             Options.max_background_jobs: 2
2023/01/19-12:40:26.976342 20787e2c0             Options.max_background_compactions: -1
2023/01/19-12:40:26.976342 20787e2c0             Options.max_subcompactions: 1
2023/01/19-12:40:26.976343 20787e2c0             Options.avoid_flush_during_shutdown: 0
2023/01/19-12:40:26.976344 20787e2c0           Options.writable_file_max_buffer_size: 1048576
2023/01/19-12:40:26.976345 20787e2c0             Options.delayed_write_rate : 16777216
2023/01/19-12:40:26.976345 20787e2c0             Options.max_total_wal_size: 0
2023/01/19-12:40:26.976346 20787e2c0             Options.delete_obsolete_files_period_micros: 21600000000
2023/01/19-12:40:26.976347 20787e2c0                   Options.stats_dump_period_sec: 600
2023/01/19-12:40:26.976348 20787e2c0                 Options.stats_persist_period_sec: 600
2023/01/19-12:40:26.976349 20787e2c0                 Options.stats_history_buffer_size: 1048576
2023/01/19-12:40:26.976349 20787e2c0                          Options.max_open_files: -1
2023/01/19-12:40:26.976350 20787e2c0                          Options.bytes_per_sync: 0
2023/01/19-12:40:26.976351 20787e2c0                      Options.wal_bytes_per_sync: 0
2023/01/19-12:40:26.976352 20787e2c0                   Options.strict_bytes_per_sync: 0
2023/01/19-12:40:26.976352 20787e2c0       Options.compaction_readahead_size: 0
2023/01/19-12:40:26.976353 20787e2c0                  Options.max_background_flushes: -1
2023/01/19-12:40:26.976354 20787e2c0 Compression algorithms supported:
2023/01/19-12:40:26.976355 20787e2c0 	kZSTD supported: 1
2023/01/19-12:40:26.976356 20787e2c0 	kZlibCompression supported: 1
2023/01/19-12:40:26.976357 20787e2c0 	kXpressCompression supported: 0
2023/01/19-12:40:26.976357 20787e2c0 	kSnappyCompression supported: 1
2023/01/19-12:40:26.976358 20787e2c0 	kZSTDNotFinalCompression supported: 1
2023/01/19-12:40:26.976359 20787e2c0 	kLZ4HCCompression supported: 1
2023/01/19-12:40:26.976366 20787e2c0 	kLZ4Compression supported: 1
2023/01/19-12:40:26.976367 20787e2c0 	kBZip2Compression supported: 1
2023/01/19-12:40:26.976368 20787e2c0 Fast CRC32 supported: Supported on x86
2023/01/19-12:40:26.976537 20787e2c0 [db/db_impl/db_impl_open.cc:271] Creating manifest 1 
2023/01/19-12:40:26.976720 20787e2c0 [db/version_set.cc:4560] Recovering from manifest file: /Users/alessandrotezza/Origyn_Foundation/motokobootcamp2023/.dfx/network/local/state/replicated_state/node-100/ic_consensus_pool/certification/MANIFEST-000001
2023/01/19-12:40:26.976736 20787e2c0 [db/column_family.cc:580] --------------- Options for column family [default]:
2023/01/19-12:40:26.976737 20787e2c0               Options.comparator: leveldb.BytewiseComparator
2023/01/19-12:40:26.976738 20787e2c0           Options.merge_operator: None
2023/01/19-12:40:26.976738 20787e2c0        Options.compaction_filter: None
2023/01/19-12:40:26.976739 20787e2c0        Options.compaction_filter_factory: None
2023/01/19-12:40:26.976740 20787e2c0  Options.sst_partitioner_factory: None
2023/01/19-12:40:26.976741 20787e2c0         Options.memtable_factory: SkipListFactory
2023/01/19-12:40:26.976742 20787e2c0            Options.table_factory: BlockBasedTable
2023/01/19-12:40:26.976752 20787e2c0            table_factory options:   flush_block_policy_factory: FlushBlockBySizePolicyFactory (0x7fa24cf7c980)
  cache_index_and_filter_blocks: 0
  cache_index_and_filter_blocks_with_high_priority: 1
  pin_l0_filter_and_index_blocks_in_cache: 0
  pin_top_level_index_and_filter: 1
  index_type: 0
  data_block_index_type: 0
  index_shortening: 1
  data_block_hash_table_util_ratio: 0.750000
  hash_index_allow_collision: 1
  checksum: 1
  no_block_cache: 0
  block_cache: 0x7fa24cf7c9c8
  block_cache_name: LRUCache
  block_cache_options:
    capacity : 8388608
    num_shard_bits : 4
    strict_capacity_limit : 0
    memory_allocator : None
    high_pri_pool_ratio: 0.000
  block_cache_compressed: 0x0
  persistent_cache: 0x0
  block_size: 4096
  block_size_deviation: 10
  block_restart_interval: 16
  index_block_restart_interval: 1
  metadata_block_size: 4096
  partition_filters: 0
  use_delta_encoding: 1
  filter_policy: nullptr
  whole_key_filtering: 1
  verify_compression: 0
  read_amp_bytes_per_bit: 0
  format_version: 4
  enable_index_compression: 1
  block_align: 0
2023/01/19-12:40:26.976753 20787e2c0        Options.write_buffer_size: 67108864
2023/01/19-12:40:26.976754 20787e2c0  Options.max_write_buffer_number: 2
2023/01/19-12:40:26.976754 20787e2c0          Options.compression: Snappy
2023/01/19-12:40:26.976755 20787e2c0                  Options.bottommost_compression: Disabled
2023/01/19-12:40:26.976756 20787e2c0       Options.prefix_extractor: nullptr
2023/01/19-12:40:26.976757 20787e2c0   Options.memtable_insert_with_hint_prefix_extractor: nullptr
2023/01/19-12:40:26.976758 20787e2c0             Options.num_levels: 7
2023/01/19-12:40:26.976758 20787e2c0        Options.min_write_buffer_number_to_merge: 1
2023/01/19-12:40:26.976759 20787e2c0     Options.max_write_buffer_number_to_maintain: 0
2023/01/19-12:40:26.976760 20787e2c0     Options.max_write_buffer_size_to_maintain: 0
2023/01/19-12:40:26.976760 20787e2c0            Options.bottommost_compression_opts.window_bits: -14
2023/01/19-12:40:26.976761 20787e2c0                  Options.bottommost_compression_opts.level: 32767
2023/01/19-12:40:26.976762 20787e2c0               Options.bottommost_compression_opts.strategy: 0
2023/01/19-12:40:26.976763 20787e2c0         Options.bottommost_compression_opts.max_dict_bytes: 0
2023/01/19-12:40:26.976764 20787e2c0         Options.bottommost_compression_opts.zstd_max_train_bytes: 0
2023/01/19-12:40:26.976764 20787e2c0         Options.bottommost_compression_opts.parallel_threads: 1
2023/01/19-12:40:26.976765 20787e2c0                  Options.bottommost_compression_opts.enabled: false
2023/01/19-12:40:26.976766 20787e2c0            Options.compression_opts.window_bits: -14
2023/01/19-12:40:26.976767 20787e2c0                  Options.compression_opts.level: 32767
2023/01/19-12:40:26.976774 20787e2c0               Options.compression_opts.strategy: 0
2023/01/19-12:40:26.976775 20787e2c0         Options.compression_opts.max_dict_bytes: 0
2023/01/19-12:40:26.976776 20787e2c0         Options.compression_opts.zstd_max_train_bytes: 0
2023/01/19-12:40:26.976776 20787e2c0         Options.compression_opts.parallel_threads: 1
2023/01/19-12:40:26.976777 20787e2c0                  Options.compression_opts.enabled: false
2023/01/19-12:40:26.976778 20787e2c0      Options.level0_file_num_compaction_trigger: 4
2023/01/19-12:40:26.976779 20787e2c0          Options.level0_slowdown_writes_trigger: 20
2023/01/19-12:40:26.976779 20787e2c0              Options.level0_stop_writes_trigger: 36
2023/01/19-12:40:26.976780 20787e2c0                   Options.target_file_size_base: 67108864
2023/01/19-12:40:26.976781 20787e2c0             Options.target_file_size_multiplier: 1
2023/01/19-12:40:26.976782 20787e2c0                Options.max_bytes_for_level_base: 268435456
2023/01/19-12:40:26.976783 20787e2c0 Options.level_compaction_dynamic_level_bytes: 0
2023/01/19-12:40:26.976783 20787e2c0          Options.max_bytes_for_level_multiplier: 10.000000
2023/01/19-12:40:26.976784 20787e2c0 Options.max_bytes_for_level_multiplier_addtl[0]: 1
2023/01/19-12:40:26.976785 20787e2c0 Options.max_bytes_for_level_multiplier_addtl[1]: 1
2023/01/19-12:40:26.976786 20787e2c0 Options.max_bytes_for_level_multiplier_addtl[2]: 1
2023/01/19-12:40:26.976787 20787e2c0 Options.max_bytes_for_level_multiplier_addtl[3]: 1
2023/01/19-12:40:26.976787 20787e2c0 Options.max_bytes_for_level_multiplier_addtl[4]: 1
2023/01/19-12:40:26.976788 20787e2c0 Options.max_bytes_for_level_multiplier_addtl[5]: 1
2023/01/19-12:40:26.976789 20787e2c0 Options.max_bytes_for_level_multiplier_addtl[6]: 1
2023/01/19-12:40:26.976790 20787e2c0       Options.max_sequential_skip_in_iterations: 8
2023/01/19-12:40:26.976790 20787e2c0                    Options.max_compaction_bytes: 1677721600
2023/01/19-12:40:26.976791 20787e2c0                        Options.arena_block_size: 8388608
2023/01/19-12:40:26.976792 20787e2c0   Options.soft_pending_compaction_bytes_limit: 68719476736
2023/01/19-12:40:26.976793 20787e2c0   Options.hard_pending_compaction_bytes_limit: 274877906944
2023/01/19-12:40:26.976793 20787e2c0       Options.rate_limit_delay_max_milliseconds: 100
2023/01/19-12:40:26.976794 20787e2c0                Options.disable_auto_compactions: 0
2023/01/19-12:40:26.976795 20787e2c0                        Options.compaction_style: kCompactionStyleLevel
2023/01/19-12:40:26.976796 20787e2c0                          Options.compaction_pri: kMinOverlappingRatio
2023/01/19-12:40:26.976797 20787e2c0 Options.compaction_options_universal.size_ratio: 1
2023/01/19-12:40:26.976797 20787e2c0 Options.compaction_options_universal.min_merge_width: 2
2023/01/19-12:40:26.976798 20787e2c0 Options.compaction_options_universal.max_merge_width: 4294967295
2023/01/19-12:40:26.976799 20787e2c0 Options.compaction_options_universal.max_size_amplification_percent: 200
2023/01/19-12:40:26.976800 20787e2c0 Options.compaction_options_universal.compression_size_percent: -1
2023/01/19-12:40:26.976801 20787e2c0 Options.compaction_options_universal.stop_style: kCompactionStopStyleTotalSize
2023/01/19-12:40:26.976801 20787e2c0 Options.compaction_options_fifo.max_table_files_size: 1073741824
2023/01/19-12:40:26.976802 20787e2c0 Options.compaction_options_fifo.allow_compaction: 0
2023/01/19-12:40:26.976803 20787e2c0                   Options.table_properties_collectors: 
2023/01/19-12:40:26.976804 20787e2c0                   Options.inplace_update_support: 0
2023/01/19-12:40:26.976805 20787e2c0                 Options.inplace_update_num_locks: 10000
2023/01/19-12:40:26.976805 20787e2c0               Options.memtable_prefix_bloom_size_ratio: 0.000000
2023/01/19-12:40:26.976806 20787e2c0               Options.memtable_whole_key_filtering: 0
2023/01/19-12:40:26.976807 20787e2c0   Options.memtable_huge_page_size: 0
2023/01/19-12:40:26.976808 20787e2c0                           Options.bloom_locality: 0
2023/01/19-12:40:26.976815 20787e2c0                    Options.max_successive_merges: 0
2023/01/19-12:40:26.976815 20787e2c0                Options.optimize_filters_for_hits: 0
2023/01/19-12:40:26.976816 20787e2c0                Options.paranoid_file_checks: 0
2023/01/19-12:40:26.976817 20787e2c0                Options.force_consistency_checks: 0
2023/01/19-12:40:26.976818 20787e2c0                Options.report_bg_io_stats: 0
2023/01/19-12:40:26.976818 20787e2c0                               Options.ttl: 2592000
2023/01/19-12:40:26.976819 20787e2c0          Options.periodic_compaction_seconds: 0
2023/01/19-12:40:26.977171 20787e2c0 [db/version_set.cc:4718] Recovered from manifest file:/Users/alessandrotezza/Origyn_Foundation/motokobootcamp2023/.dfx/network/local/state/replicated_state/node-100/ic_consensus_pool/certification/MANIFEST-000001 succeeded,manifest_file_number is 1, next_file_number is 3, last_sequence is 0, log_number is 0,prev_log_number is 0,max_column_family is 0,min_log_number_to_keep is 0
2023/01/19-12:40:26.977174 20787e2c0 [db/version_set.cc:4727] Column family [default] (ID 0), log number is 0
2023/01/19-12:40:26.977259 20787e2c0 [db/version_set.cc:3950] Creating manifest 4
2023/01/19-12:40:26.977485 20787e2c0 [db/column_family.cc:580] --------------- Options for column family [CE]:
2023/01/19-12:40:26.977486 20787e2c0               Options.comparator: leveldb.BytewiseComparator
2023/01/19-12:40:26.977487 20787e2c0           Options.merge_operator: None
2023/01/19-12:40:26.977488 20787e2c0        Options.compaction_filter: filter_outdated
2023/01/19-12:40:26.977489 20787e2c0        Options.compaction_filter_factory: None
2023/01/19-12:40:26.977489 20787e2c0  Options.sst_partitioner_factory: None
2023/01/19-12:40:26.977490 20787e2c0         Options.memtable_factory: SkipListFactory
2023/01/19-12:40:26.977491 20787e2c0            Options.table_factory: BlockBasedTable
2023/01/19-12:40:26.977504 20787e2c0            table_factory options:   flush_block_policy_factory: FlushBlockBySizePolicyFactory (0x7fa24cf79e10)
  cache_index_and_filter_blocks: 0
  cache_index_and_filter_blocks_with_high_priority: 1
  pin_l0_filter_and_index_blocks_in_cache: 0
  pin_top_level_index_and_filter: 1
  index_type: 0
  data_block_index_type: 0
  index_shortening: 1
  data_block_hash_table_util_ratio: 0.750000
  hash_index_allow_collision: 1
  checksum: 1
  no_block_cache: 0
  block_cache: 0x7fa24cf7b118
  block_cache_name: LRUCache
  block_cache_options:
    capacity : 8388608
    num_shard_bits : 4
    strict_capacity_limit : 0
    memory_allocator : None
    high_pri_pool_ratio: 0.000
  block_cache_compressed: 0x0
  persistent_cache: 0x0
  block_size: 4096
  block_size_deviation: 10
  block_restart_interval: 16
  index_block_restart_interval: 1
  metadata_block_size: 4096
  partition_filters: 0
  use_delta_encoding: 1
  filter_policy: nullptr
  whole_key_filtering: 1
  verify_compression: 0
  read_amp_bytes_per_bit: 0
  format_version: 4
  enable_index_compression: 1
  block_align: 0
2023/01/19-12:40:26.977505 20787e2c0        Options.write_buffer_size: 67108864
2023/01/19-12:40:26.977506 20787e2c0  Options.max_write_buffer_number: 2
2023/01/19-12:40:26.977506 20787e2c0          Options.compression: NoCompression
2023/01/19-12:40:26.977507 20787e2c0                  Options.bottommost_compression: Disabled
2023/01/19-12:40:26.977508 20787e2c0       Options.prefix_extractor: nullptr
2023/01/19-12:40:26.977509 20787e2c0   Options.memtable_insert_with_hint_prefix_extractor: nullptr
2023/01/19-12:40:26.977510 20787e2c0             Options.num_levels: 7
2023/01/19-12:40:26.977510 20787e2c0        Options.min_write_buffer_number_to_merge: 1
2023/01/19-12:40:26.977511 20787e2c0     Options.max_write_buffer_number_to_maintain: 0
2023/01/19-12:40:26.977512 20787e2c0     Options.max_write_buffer_size_to_maintain: 0
2023/01/19-12:40:26.977513 20787e2c0            Options.bottommost_compression_opts.window_bits: -14
2023/01/19-12:40:26.977513 20787e2c0                  Options.bottommost_compression_opts.level: 32767
2023/01/19-12:40:26.977514 20787e2c0               Options.bottommost_compression_opts.strategy: 0
2023/01/19-12:40:26.977515 20787e2c0         Options.bottommost_compression_opts.max_dict_bytes: 0
2023/01/19-12:40:26.977516 20787e2c0         Options.bottommost_compression_opts.zstd_max_train_bytes: 0
2023/01/19-12:40:26.977517 20787e2c0         Options.bottommost_compression_opts.parallel_threads: 1
2023/01/19-12:40:26.977517 20787e2c0                  Options.bottommost_compression_opts.enabled: false
2023/01/19-12:40:26.977518 20787e2c0            Options.compression_opts.window_bits: -14
2023/01/19-12:40:26.977519 20787e2c0                  Options.compression_opts.level: 32767
2023/01/19-12:40:26.977520 20787e2c0               Options.compression_opts.strategy: 0
2023/01/19-12:40:26.977521 20787e2c0         Options.compression_opts.max_dict_bytes: 0
2023/01/19-12:40:26.977521 20787e2c0         Options.compression_opts.zstd_max_train_bytes: 0
2023/01/19-12:40:26.977522 20787e2c0         Options.compression_opts.parallel_threads: 1
2023/01/19-12:40:26.977523 20787e2c0                  Options.compression_opts.enabled: false
2023/01/19-12:40:26.977524 20787e2c0      Options.level0_file_num_compaction_trigger: 4
2023/01/19-12:40:26.977531 20787e2c0          Options.level0_slowdown_writes_trigger: 20
2023/01/19-12:40:26.977532 20787e2c0              Options.level0_stop_writes_trigger: 36
2023/01/19-12:40:26.977533 20787e2c0                   Options.target_file_size_base: 67108864
2023/01/19-12:40:26.977533 20787e2c0             Options.target_file_size_multiplier: 1
2023/01/19-12:40:26.977534 20787e2c0                Options.max_bytes_for_level_base: 268435456
2023/01/19-12:40:26.977535 20787e2c0 Options.level_compaction_dynamic_level_bytes: 0
2023/01/19-12:40:26.977536 20787e2c0          Options.max_bytes_for_level_multiplier: 10.000000
2023/01/19-12:40:26.977537 20787e2c0 Options.max_bytes_for_level_multiplier_addtl[0]: 1
2023/01/19-12:40:26.977538 20787e2c0 Options.max_bytes_for_level_multiplier_addtl[1]: 1
2023/01/19-12:40:26.977538 20787e2c0 Options.max_bytes_for_level_multiplier_addtl[2]: 1
2023/01/19-12:40:26.977539 20787e2c0 Options.max_bytes_for_level_multiplier_addtl[3]: 1
2023/01/19-12:40:26.977540 20787e2c0 Options.max_bytes_for_level_multiplier_addtl[4]: 1
2023/01/19-12:40:26.977541 20787e2c0 Options.max_bytes_for_level_multiplier_addtl[5]: 1
2023/01/19-12:40:26.977542 20787e2c0 Options.max_bytes_for_level_multiplier_addtl[6]: 1
2023/01/19-12:40:26.977542 20787e2c0       Options.max_sequential_skip_in_iterations: 8
2023/01/19-12:40:26.977543 20787e2c0                    Options.max_compaction_bytes: 1677721600
2023/01/19-12:40:26.977544 20787e2c0                        Options.arena_block_size: 8388608
2023/01/19-12:40:26.977545 20787e2c0   Options.soft_pending_compaction_bytes_limit: 68719476736
2023/01/19-12:40:26.977545 20787e2c0   Options.hard_pending_compaction_bytes_limit: 274877906944
2023/01/19-12:40:26.977546 20787e2c0       Options.rate_limit_delay_max_milliseconds: 100
2023/01/19-12:40:26.977547 20787e2c0                Options.disable_auto_compactions: 1
2023/01/19-12:40:26.977548 20787e2c0                        Options.compaction_style: kCompactionStyleLevel
2023/01/19-12:40:26.977549 20787e2c0                          Options.compaction_pri: kMinOverlappingRatio
2023/01/19-12:40:26.977549 20787e2c0 Options.compaction_options_universal.size_ratio: 1
2023/01/19-12:40:26.977550 20787e2c0 Options.compaction_options_universal.min_merge_width: 2
2023/01/19-12:40:26.977551 20787e2c0 Options.compaction_options_universal.max_merge_width: 4294967295
2023/01/19-12:40:26.977552 20787e2c0 Options.compaction_options_universal.max_size_amplification_percent: 200
2023/01/19-12:40:26.977553 20787e2c0 Options.compaction_options_universal.compression_size_percent: -1
2023/01/19-12:40:26.977554 20787e2c0 Options.compaction_options_universal.stop_style: kCompactionStopStyleTotalSize
2023/01/19-12:40:26.977554 20787e2c0 Options.compaction_options_fifo.max_table_files_size: 1073741824
2023/01/19-12:40:26.977555 20787e2c0 Options.compaction_options_fifo.allow_compaction: 0
2023/01/19-12:40:26.977556 20787e2c0                   Options.table_properties_collectors: 
2023/01/19-12:40:26.977557 20787e2c0                   Options.inplace_update_support: 0
2023/01/19-12:40:26.977558 20787e2c0                 Options.inplace_update_num_locks: 10000
2023/01/19-12:40:26.977558 20787e2c0               Options.memtable_prefix_bloom_size_ratio: 0.000000
2023/01/19-12:40:26.977559 20787e2c0               Options.memtable_whole_key_filtering: 0
2023/01/19-12:40:26.977560 20787e2c0   Options.memtable_huge_page_size: 0
2023/01/19-12:40:26.977561 20787e2c0                           Options.bloom_locality: 0
2023/01/19-12:40:26.977562 20787e2c0                    Options.max_successive_merges: 0
2023/01/19-12:40:26.977563 20787e2c0                Options.optimize_filters_for_hits: 0
2023/01/19-12:40:26.977563 20787e2c0                Options.paranoid_file_checks: 0
2023/01/19-12:40:26.977564 20787e2c0                Options.force_consistency_checks: 0
2023/01/19-12:40:26.977565 20787e2c0                Options.report_bg_io_stats: 0
2023/01/19-12:40:26.977566 20787e2c0                               Options.ttl: 2592000
2023/01/19-12:40:26.977566 20787e2c0          Options.periodic_compaction_seconds: 2592000
2023/01/19-12:40:26.977593 20787e2c0 [db/db_impl/db_impl.cc:2563] Created column family [CE] (ID 1)
2023/01/19-12:40:26.978399 20787e2c0 [db/column_family.cc:580] --------------- Options for column family [CES]:
2023/01/19-12:40:26.978401 20787e2c0               Options.comparator: leveldb.BytewiseComparator
2023/01/19-12:40:26.978402 20787e2c0           Options.merge_operator: None
2023/01/19-12:40:26.978403 20787e2c0        Options.compaction_filter: filter_outdated
2023/01/19-12:40:26.978403 20787e2c0        Options.compaction_filter_factory: None
2023/01/19-12:40:26.978404 20787e2c0  Options.sst_partitioner_factory: None
2023/01/19-12:40:26.978405 20787e2c0         Options.memtable_factory: SkipListFactory
2023/01/19-12:40:26.978406 20787e2c0            Options.table_factory: BlockBasedTable
2023/01/19-12:40:26.978421 20787e2c0            table_factory options:   flush_block_policy_factory: FlushBlockBySizePolicyFactory (0x7fa24cf7bc90)
  cache_index_and_filter_blocks: 0
  cache_index_and_filter_blocks_with_high_priority: 1
  pin_l0_filter_and_index_blocks_in_cache: 0
  pin_top_level_index_and_filter: 1
  index_type: 0
  data_block_index_type: 0
  index_shortening: 1
  data_block_hash_table_util_ratio: 0.750000
  hash_index_allow_collision: 1
  checksum: 1
  no_block_cache: 0
  block_cache: 0x7fa24cf7bcd8
  block_cache_name: LRUCache
  block_cache_options:
    capacity : 8388608
    num_shard_bits : 4
    strict_capacity_limit : 0
    memory_allocator : None
    high_pri_pool_ratio: 0.000
  block_cache_compressed: 0x0
  persistent_cache: 0x0
  block_size: 4096
  block_size_deviation: 10
  block_restart_interval: 16
  index_block_restart_interval: 1
  metadata_block_size: 4096
  partition_filters: 0
  use_delta_encoding: 1
  filter_policy: nullptr
  whole_key_filtering: 1
  verify_compression: 0
  read_amp_bytes_per_bit: 0
  format_version: 4
  enable_index_compression: 1
  block_align: 0
2023/01/19-12:40:26.978422 20787e2c0        Options.write_buffer_size: 67108864
2023/01/19-12:40:26.978423 20787e2c0  Options.max_write_buffer_number: 2
2023/01/19-12:40:26.978424 20787e2c0          Options.compression: NoCompression
2023/01/19-12:40:26.978425 20787e2c0                  Options.bottommost_compression: Disabled
2023/01/19-12:40:26.978425 20787e2c0       Options.prefix_extractor: nullptr
2023/01/19-12:40:26.978426 20787e2c0   Options.memtable_insert_with_hint_prefix_extractor: nullptr
2023/01/19-12:40:26.978427 20787e2c0             Options.num_levels: 7
2023/01/19-12:40:26.978428 20787e2c0        Options.min_write_buffer_number_to_merge: 1
2023/01/19-12:40:26.978429 20787e2c0     Options.max_write_buffer_number_to_maintain: 0
2023/01/19-12:40:26.978429 20787e2c0     Options.max_write_buffer_size_to_maintain: 0
2023/01/19-12:40:26.978430 20787e2c0            Options.bottommost_compression_opts.window_bits: -14
2023/01/19-12:40:26.978431 20787e2c0                  Options.bottommost_compression_opts.level: 32767
2023/01/19-12:40:26.978432 20787e2c0               Options.bottommost_compression_opts.strategy: 0
2023/01/19-12:40:26.978432 20787e2c0         Options.bottommost_compression_opts.max_dict_bytes: 0
2023/01/19-12:40:26.978433 20787e2c0         Options.bottommost_compression_opts.zstd_max_train_bytes: 0
2023/01/19-12:40:26.978434 20787e2c0         Options.bottommost_compression_opts.parallel_threads: 1
2023/01/19-12:40:26.978435 20787e2c0                  Options.bottommost_compression_opts.enabled: false
2023/01/19-12:40:26.978436 20787e2c0            Options.compression_opts.window_bits: -14
2023/01/19-12:40:26.978436 20787e2c0                  Options.compression_opts.level: 32767
2023/01/19-12:40:26.978437 20787e2c0               Options.compression_opts.strategy: 0
2023/01/19-12:40:26.978438 20787e2c0         Options.compression_opts.max_dict_bytes: 0
2023/01/19-12:40:26.978439 20787e2c0         Options.compression_opts.zstd_max_train_bytes: 0
2023/01/19-12:40:26.978440 20787e2c0         Options.compression_opts.parallel_threads: 1
2023/01/19-12:40:26.978440 20787e2c0                  Options.compression_opts.enabled: false
2023/01/19-12:40:26.978441 20787e2c0      Options.level0_file_num_compaction_trigger: 4
2023/01/19-12:40:26.978448 20787e2c0          Options.level0_slowdown_writes_trigger: 20
2023/01/19-12:40:26.978449 20787e2c0              Options.level0_stop_writes_trigger: 36
2023/01/19-12:40:26.978450 20787e2c0                   Options.target_file_size_base: 67108864
2023/01/19-12:40:26.978450 20787e2c0             Options.target_file_size_multiplier: 1
2023/01/19-12:40:26.978451 20787e2c0                Options.max_bytes_for_level_base: 268435456
2023/01/19-12:40:26.978452 20787e2c0 Options.level_compaction_dynamic_level_bytes: 0
2023/01/19-12:40:26.978453 20787e2c0          Options.max_bytes_for_level_multiplier: 10.000000
2023/01/19-12:40:26.978454 20787e2c0 Options.max_bytes_for_level_multiplier_addtl[0]: 1
2023/01/19-12:40:26.978455 20787e2c0 Options.max_bytes_for_level_multiplier_addtl[1]: 1
2023/01/19-12:40:26.978455 20787e2c0 Options.max_bytes_for_level_multiplier_addtl[2]: 1
2023/01/19-12:40:26.978456 20787e2c0 Options.max_bytes_for_level_multiplier_addtl[3]: 1
2023/01/19-12:40:26.978457 20787e2c0 Options.max_bytes_for_level_multiplier_addtl[4]: 1
2023/01/19-12:40:26.978458 20787e2c0 Options.max_bytes_for_level_multiplier_addtl[5]: 1
2023/01/19-12:40:26.978458 20787e2c0 Options.max_bytes_for_level_multiplier_addtl[6]: 1
2023/01/19-12:40:26.978459 20787e2c0       Options.max_sequential_skip_in_iterations: 8
2023/01/19-12:40:26.978460 20787e2c0                    Options.max_compaction_bytes: 1677721600
2023/01/19-12:40:26.978461 20787e2c0                        Options.arena_block_size: 8388608
2023/01/19-12:40:26.978462 20787e2c0   Options.soft_pending_compaction_bytes_limit: 68719476736
2023/01/19-12:40:26.978462 20787e2c0   Options.hard_pending_compaction_bytes_limit: 274877906944
2023/01/19-12:40:26.978463 20787e2c0       Options.rate_limit_delay_max_milliseconds: 100
2023/01/19-12:40:26.978464 20787e2c0                Options.disable_auto_compactions: 1
2023/01/19-12:40:26.978465 20787e2c0                        Options.compaction_style: kCompactionStyleLevel
2023/01/19-12:40:26.978466 20787e2c0                          Options.compaction_pri: kMinOverlappingRatio
2023/01/19-12:40:26.978466 20787e2c0 Options.compaction_options_universal.size_ratio: 1
2023/01/19-12:40:26.978467 20787e2c0 Options.compaction_options_universal.min_merge_width: 2
2023/01/19-12:40:26.978468 20787e2c0 Options.compaction_options_universal.max_merge_width: 4294967295
2023/01/19-12:40:26.978469 20787e2c0 Options.compaction_options_universal.max_size_amplification_percent: 200
2023/01/19-12:40:26.978470 20787e2c0 Options.compaction_options_universal.compression_size_percent: -1
2023/01/19-12:40:26.978471 20787e2c0 Options.compaction_options_universal.stop_style: kCompactionStopStyleTotalSize
2023/01/19-12:40:26.978471 20787e2c0 Options.compaction_options_fifo.max_table_files_size: 1073741824
2023/01/19-12:40:26.978472 20787e2c0 Options.compaction_options_fifo.allow_compaction: 0
2023/01/19-12:40:26.978473 20787e2c0                   Options.table_properties_collectors: 
2023/01/19-12:40:26.978474 20787e2c0                   Options.inplace_update_support: 0
2023/01/19-12:40:26.978475 20787e2c0                 Options.inplace_update_num_locks: 10000
2023/01/19-12:40:26.978475 20787e2c0               Options.memtable_prefix_bloom_size_ratio: 0.000000
2023/01/19-12:40:26.978476 20787e2c0               Options.memtable_whole_key_filtering: 0
2023/01/19-12:40:26.978477 20787e2c0   Options.memtable_huge_page_size: 0
2023/01/19-12:40:26.978478 20787e2c0                           Options.bloom_locality: 0
2023/01/19-12:40:26.978479 20787e2c0                    Options.max_successive_merges: 0
2023/01/19-12:40:26.978479 20787e2c0                Options.optimize_filters_for_hits: 0
2023/01/19-12:40:26.978480 20787e2c0                Options.paranoid_file_checks: 0
2023/01/19-12:40:26.978481 20787e2c0                Options.force_consistency_checks: 0
2023/01/19-12:40:26.978482 20787e2c0                Options.report_bg_io_stats: 0
2023/01/19-12:40:26.978482 20787e2c0                               Options.ttl: 2592000
2023/01/19-12:40:26.978483 20787e2c0          Options.periodic_compaction_seconds: 2592000
2023/01/19-12:40:26.978513 20787e2c0 [db/db_impl/db_impl.cc:2563] Created column family [CES] (ID 2)
2023/01/19-12:40:26.980518 20787e2c0 [db/db_impl/db_impl_open.cc:1639] SstFileManager instance 0x7fa24cf7d910
2023/01/19-12:40:26.980541 20787e2c0 DB pointer 0x7fa24d0d7200
2023/01/19-12:40:27.985771 315365000 [db/db_impl/db_impl.cc:899] ------- DUMPING STATS -------
2023/01/19-12:40:27.985796 315365000 [db/db_impl/db_impl.cc:900] 
** DB Stats **
Uptime(secs): 1.0 total, 1.0 interval
Cumulative writes: 2 writes, 2 keys, 2 commit groups, 0.7 writes per commit group, ingest: 0.00 GB, 0.00 MB/s
Cumulative WAL: 2 writes, 0 syncs, 2.00 writes per sync, written: 0.00 GB, 0.00 MB/s
Cumulative stall: 00:00:0.000 H:M:S, 0.0 percent
Interval writes: 2 writes, 2 keys, 2 commit groups, 0.7 writes per commit group, ingest: 0.00 MB, 0.00 MB/s
Interval WAL: 2 writes, 0 syncs, 2.00 writes per sync, written: 0.00 MB, 0.00 MB/s
Interval stall: 00:00:0.000 H:M:S, 0.0 percent

** Compaction Stats [default] **
Level    Files   Size     Score Read(GB)  Rn(GB) Rnp1(GB) Write(GB) Wnew(GB) Moved(GB) W-Amp Rd(MB/s) Wr(MB/s) Comp(sec) CompMergeCPU(sec) Comp(cnt) Avg(sec) KeyIn KeyDrop
----------------------------------------------------------------------------------------------------------------------------------------------------------------------------
 Sum      0/0    0.00 KB   0.0      0.0     0.0      0.0       0.0      0.0       0.0   0.0      0.0      0.0      0.00              0.00         0    0.000       0      0
 Int      0/0    0.00 KB   0.0      0.0     0.0      0.0       0.0      0.0       0.0   0.0      0.0      0.0      0.00              0.00         0    0.000       0      0

** Compaction Stats [default] **
Priority    Files   Size     Score Read(GB)  Rn(GB) Rnp1(GB) Write(GB) Wnew(GB) Moved(GB) W-Amp Rd(MB/s) Wr(MB/s) Comp(sec) CompMergeCPU(sec) Comp(cnt) Avg(sec) KeyIn KeyDrop
-------------------------------------------------------------------------------------------------------------------------------------------------------------------------------
Uptime(secs): 1.0 total, 1.0 interval
Flush(GB): cumulative 0.000, interval 0.000
AddFile(GB): cumulative 0.000, interval 0.000
AddFile(Total Files): cumulative 0, interval 0
AddFile(L0 Files): cumulative 0, interval 0
AddFile(Keys): cumulative 0, interval 0
Cumulative compaction: 0.00 GB write, 0.00 MB/s write, 0.00 GB read, 0.00 MB/s read, 0.0 seconds
Interval compaction: 0.00 GB write, 0.00 MB/s write, 0.00 GB read, 0.00 MB/s read, 0.0 seconds
Stalls(count): 0 level0_slowdown, 0 level0_slowdown_with_compaction, 0 level0_numfiles, 0 level0_numfiles_with_compaction, 0 stop for pending_compaction_bytes, 0 slowdown for pending_compaction_bytes, 0 memtable_compaction, 0 memtable_slowdown, interval 0 total count

** File Read Latency Histogram By Level [default] **

** Compaction Stats [CE] **
Level    Files   Size     Score Read(GB)  Rn(GB) Rnp1(GB) Write(GB) Wnew(GB) Moved(GB) W-Amp Rd(MB/s) Wr(MB/s) Comp(sec) CompMergeCPU(sec) Comp(cnt) Avg(sec) KeyIn KeyDrop
----------------------------------------------------------------------------------------------------------------------------------------------------------------------------
 Sum      0/0    0.00 KB   0.0      0.0     0.0      0.0       0.0      0.0       0.0   0.0      0.0      0.0      0.00              0.00         0    0.000       0      0
 Int      0/0    0.00 KB   0.0      0.0     0.0      0.0       0.0      0.0       0.0   0.0      0.0      0.0      0.00              0.00         0    0.000       0      0

** Compaction Stats [CE] **
Priority    Files   Size     Score Read(GB)  Rn(GB) Rnp1(GB) Write(GB) Wnew(GB) Moved(GB) W-Amp Rd(MB/s) Wr(MB/s) Comp(sec) CompMergeCPU(sec) Comp(cnt) Avg(sec) KeyIn KeyDrop
-------------------------------------------------------------------------------------------------------------------------------------------------------------------------------
Uptime(secs): 1.0 total, 1.0 interval
Flush(GB): cumulative 0.000, interval 0.000
AddFile(GB): cumulative 0.000, interval 0.000
AddFile(Total Files): cumulative 0, interval 0
AddFile(L0 Files): cumulative 0, interval 0
AddFile(Keys): cumulative 0, interval 0
Cumulative compaction: 0.00 GB write, 0.00 MB/s write, 0.00 GB read, 0.00 MB/s read, 0.0 seconds
Interval compaction: 0.00 GB write, 0.00 MB/s write, 0.00 GB read, 0.00 MB/s read, 0.0 seconds
Stalls(count): 0 level0_slowdown, 0 level0_slowdown_with_compaction, 0 level0_numfiles, 0 level0_numfiles_with_compaction, 0 stop for pending_compaction_bytes, 0 slowdown for pending_compaction_bytes, 0 memtable_compaction, 0 memtable_slowdown, interval 0 total count

** File Read Latency Histogram By Level [CE] **

** Compaction Stats [CES] **
Level    Files   Size     Score Read(GB)  Rn(GB) Rnp1(GB) Write(GB) Wnew(GB) Moved(GB) W-Amp Rd(MB/s) Wr(MB/s) Comp(sec) CompMergeCPU(sec) Comp(cnt) Avg(sec) KeyIn KeyDrop
----------------------------------------------------------------------------------------------------------------------------------------------------------------------------
 Sum      0/0    0.00 KB   0.0      0.0     0.0      0.0       0.0      0.0       0.0   0.0      0.0      0.0      0.00              0.00         0    0.000       0      0
 Int      0/0    0.00 KB   0.0      0.0     0.0      0.0       0.0      0.0       0.0   0.0      0.0      0.0      0.00              0.00         0    0.000       0      0

** Compaction Stats [CES] **
Priority    Files   Size     Score Read(GB)  Rn(GB) Rnp1(GB) Write(GB) Wnew(GB) Moved(GB) W-Amp Rd(MB/s) Wr(MB/s) Comp(sec) CompMergeCPU(sec) Comp(cnt) Avg(sec) KeyIn KeyDrop
