2023/01/19-12:40:26.937879 20787e2c0 RocksDB version: 6.12.7
2023/01/19-12:40:26.938308 20787e2c0 Git sha rocksdb_build_git_sha:@0@
2023/01/19-12:40:26.938314 20787e2c0 Compile date Jul 27 2021
2023/01/19-12:40:26.938328 20787e2c0 DB SUMMARY
2023/01/19-12:40:26.938330 20787e2c0 DB Session ID:  MB1E7P0O00CG8L0VLVQL
2023/01/19-12:40:26.938357 20787e2c0 SST files in /Users/alessandrotezza/Origyn_Foundation/motokobootcamp2023/.dfx/network/local/state/replicated_state/node-100/ic_consensus_pool/consensus dir, Total Num: 0, files: 
2023/01/19-12:40:26.938359 20787e2c0 Write Ahead Log file in /Users/alessandrotezza/Origyn_Foundation/motokobootcamp2023/.dfx/network/local/state/replicated_state/node-100/ic_consensus_pool/consensus: 
2023/01/19-12:40:26.938360 20787e2c0                         Options.error_if_exists: 0
2023/01/19-12:40:26.938361 20787e2c0                       Options.create_if_missing: 1
2023/01/19-12:40:26.938362 20787e2c0                         Options.paranoid_checks: 1
2023/01/19-12:40:26.938363 20787e2c0                                     Options.env: 0x1051e0358
2023/01/19-12:40:26.938364 20787e2c0                                      Options.fs: Posix File System
2023/01/19-12:40:26.938366 20787e2c0                                Options.info_log: 0x7fa24cf5bad0
2023/01/19-12:40:26.938367 20787e2c0                Options.max_file_opening_threads: 16
2023/01/19-12:40:26.938368 20787e2c0                              Options.statistics: 0x0
2023/01/19-12:40:26.938368 20787e2c0                               Options.use_fsync: 1
2023/01/19-12:40:26.938369 20787e2c0                       Options.max_log_file_size: 0
2023/01/19-12:40:26.938370 20787e2c0                  Options.max_manifest_file_size: 1073741824
2023/01/19-12:40:26.938371 20787e2c0                   Options.log_file_time_to_roll: 0
2023/01/19-12:40:26.938372 20787e2c0                       Options.keep_log_file_num: 1000
2023/01/19-12:40:26.938372 20787e2c0                    Options.recycle_log_file_num: 0
2023/01/19-12:40:26.938373 20787e2c0                         Options.allow_fallocate: 1
2023/01/19-12:40:26.938374 20787e2c0                        Options.allow_mmap_reads: 0
2023/01/19-12:40:26.938375 20787e2c0                       Options.allow_mmap_writes: 0
2023/01/19-12:40:26.938375 20787e2c0                        Options.use_direct_reads: 0
2023/01/19-12:40:26.938376 20787e2c0                        Options.use_direct_io_for_flush_and_compaction: 0
2023/01/19-12:40:26.938377 20787e2c0          Options.create_missing_column_families: 1
2023/01/19-12:40:26.938378 20787e2c0                              Options.db_log_dir: 
2023/01/19-12:40:26.938378 20787e2c0                                 Options.wal_dir: /Users/alessandrotezza/Origyn_Foundation/motokobootcamp2023/.dfx/network/local/state/replicated_state/node-100/ic_consensus_pool/consensus
2023/01/19-12:40:26.938379 20787e2c0                Options.table_cache_numshardbits: 6
2023/01/19-12:40:26.938380 20787e2c0                         Options.WAL_ttl_seconds: 0
2023/01/19-12:40:26.938381 20787e2c0                       Options.WAL_size_limit_MB: 0
2023/01/19-12:40:26.938381 20787e2c0                        Options.max_write_batch_group_size_bytes: 1048576
2023/01/19-12:40:26.938382 20787e2c0             Options.manifest_preallocation_size: 4194304
2023/01/19-12:40:26.938383 20787e2c0                     Options.is_fd_close_on_exec: 1
2023/01/19-12:40:26.938384 20787e2c0                   Options.advise_random_on_open: 1
2023/01/19-12:40:26.938385 20787e2c0                    Options.db_write_buffer_size: 0
2023/01/19-12:40:26.938385 20787e2c0                    Options.write_buffer_manager: 0x7fa24cf5bbc0
2023/01/19-12:40:26.938386 20787e2c0         Options.access_hint_on_compaction_start: 1
2023/01/19-12:40:26.938387 20787e2c0  Options.new_table_reader_for_compaction_inputs: 0
2023/01/19-12:40:26.938388 20787e2c0           Options.random_access_max_buffer_size: 1048576
2023/01/19-12:40:26.938388 20787e2c0                      Options.use_adaptive_mutex: 0
2023/01/19-12:40:26.938389 20787e2c0                            Options.rate_limiter: 0x0
2023/01/19-12:40:26.938401 20787e2c0     Options.sst_file_manager.rate_bytes_per_sec: 0
2023/01/19-12:40:26.938402 20787e2c0                       Options.wal_recovery_mode: 2
2023/01/19-12:40:26.938403 20787e2c0                  Options.enable_thread_tracking: 0
2023/01/19-12:40:26.938403 20787e2c0                  Options.enable_pipelined_write: 0
2023/01/19-12:40:26.938404 20787e2c0                  Options.unordered_write: 0
2023/01/19-12:40:26.938405 20787e2c0         Options.allow_concurrent_memtable_write: 1
2023/01/19-12:40:26.938406 20787e2c0      Options.enable_write_thread_adaptive_yield: 1
2023/01/19-12:40:26.938406 20787e2c0             Options.write_thread_max_yield_usec: 100
2023/01/19-12:40:26.938407 20787e2c0            Options.write_thread_slow_yield_usec: 3
2023/01/19-12:40:26.938408 20787e2c0                               Options.row_cache: None
2023/01/19-12:40:26.938409 20787e2c0                              Options.wal_filter: None
2023/01/19-12:40:26.938410 20787e2c0             Options.avoid_flush_during_recovery: 0
2023/01/19-12:40:26.938411 20787e2c0             Options.allow_ingest_behind: 0
2023/01/19-12:40:26.938411 20787e2c0             Options.preserve_deletes: 0
2023/01/19-12:40:26.938412 20787e2c0             Options.two_write_queues: 0
2023/01/19-12:40:26.938413 20787e2c0             Options.manual_wal_flush: 0
2023/01/19-12:40:26.938414 20787e2c0             Options.atomic_flush: 0
2023/01/19-12:40:26.938414 20787e2c0             Options.avoid_unnecessary_blocking_io: 0
2023/01/19-12:40:26.938415 20787e2c0                 Options.persist_stats_to_disk: 0
2023/01/19-12:40:26.938416 20787e2c0                 Options.write_dbid_to_manifest: 0
2023/01/19-12:40:26.938417 20787e2c0                 Options.log_readahead_size: 0
2023/01/19-12:40:26.938418 20787e2c0                 Options.file_checksum_gen_factory: Unknown
2023/01/19-12:40:26.938419 20787e2c0                 Options.best_efforts_recovery: 0
2023/01/19-12:40:26.938420 20787e2c0                Options.max_bgerror_resume_count: 2147483647
2023/01/19-12:40:26.938421 20787e2c0            Options.bgerror_resume_retry_interval: 1000000
2023/01/19-12:40:26.938423 20787e2c0             Options.max_background_jobs: 2
2023/01/19-12:40:26.938424 20787e2c0             Options.max_background_compactions: -1
2023/01/19-12:40:26.938424 20787e2c0             Options.max_subcompactions: 1
2023/01/19-12:40:26.938425 20787e2c0             Options.avoid_flush_during_shutdown: 0
2023/01/19-12:40:26.938426 20787e2c0           Options.writable_file_max_buffer_size: 1048576
2023/01/19-12:40:26.938427 20787e2c0             Options.delayed_write_rate : 16777216
2023/01/19-12:40:26.938428 20787e2c0             Options.max_total_wal_size: 0
2023/01/19-12:40:26.938428 20787e2c0             Options.delete_obsolete_files_period_micros: 21600000000
2023/01/19-12:40:26.938429 20787e2c0                   Options.stats_dump_period_sec: 600
2023/01/19-12:40:26.938430 20787e2c0                 Options.stats_persist_period_sec: 600
2023/01/19-12:40:26.938431 20787e2c0                 Options.stats_history_buffer_size: 1048576
2023/01/19-12:40:26.938432 20787e2c0                          Options.max_open_files: -1
2023/01/19-12:40:26.938432 20787e2c0                          Options.bytes_per_sync: 0
2023/01/19-12:40:26.938433 20787e2c0                      Options.wal_bytes_per_sync: 0
2023/01/19-12:40:26.938434 20787e2c0                   Options.strict_bytes_per_sync: 0
2023/01/19-12:40:26.938435 20787e2c0       Options.compaction_readahead_size: 0
2023/01/19-12:40:26.938435 20787e2c0                  Options.max_background_flushes: -1
2023/01/19-12:40:26.938436 20787e2c0 Compression algorithms supported:
2023/01/19-12:40:26.938576 20787e2c0 	kZSTD supported: 1
2023/01/19-12:40:26.938577 20787e2c0 	kZlibCompression supported: 1
2023/01/19-12:40:26.938584 20787e2c0 	kXpressCompression supported: 0
2023/01/19-12:40:26.938585 20787e2c0 	kSnappyCompression supported: 1
2023/01/19-12:40:26.938586 20787e2c0 	kZSTDNotFinalCompression supported: 1
2023/01/19-12:40:26.938587 20787e2c0 	kLZ4HCCompression supported: 1
2023/01/19-12:40:26.938595 20787e2c0 	kLZ4Compression supported: 1
2023/01/19-12:40:26.938596 20787e2c0 	kBZip2Compression supported: 1
2023/01/19-12:40:26.938598 20787e2c0 Fast CRC32 supported: Supported on x86
2023/01/19-12:40:26.939171 20787e2c0 [db/db_impl/db_impl_open.cc:271] Creating manifest 1 
2023/01/19-12:40:26.939575 20787e2c0 [db/version_set.cc:4560] Recovering from manifest file: /Users/alessandrotezza/Origyn_Foundation/motokobootcamp2023/.dfx/network/local/state/replicated_state/node-100/ic_consensus_pool/consensus/MANIFEST-000001
2023/01/19-12:40:26.939847 20787e2c0 [db/column_family.cc:580] --------------- Options for column family [default]:
2023/01/19-12:40:26.939849 20787e2c0               Options.comparator: leveldb.BytewiseComparator
2023/01/19-12:40:26.939850 20787e2c0           Options.merge_operator: None
2023/01/19-12:40:26.939851 20787e2c0        Options.compaction_filter: None
2023/01/19-12:40:26.939851 20787e2c0        Options.compaction_filter_factory: None
2023/01/19-12:40:26.939852 20787e2c0  Options.sst_partitioner_factory: None
2023/01/19-12:40:26.939853 20787e2c0         Options.memtable_factory: SkipListFactory
2023/01/19-12:40:26.939854 20787e2c0            Options.table_factory: BlockBasedTable
2023/01/19-12:40:26.939874 20787e2c0            table_factory options:   flush_block_policy_factory: FlushBlockBySizePolicyFactory (0x7fa24cf5ab10)
  cache_index_and_filter_blocks: 0
  cache_index_and_filter_blocks_with_high_priority: 1
  pin_l0_filter_and_index_blocks_in_cache: 0
  pin_top_level_index_and_filter: 1
  index_type: 0
  data_block_index_type: 0
  index_shortening: 1
  data_block_hash_table_util_ratio: 0.750000
  hash_index_allow_collision: 1
  checksum: 1
  no_block_cache: 0
  block_cache: 0x7fa24cf5ab58
  block_cache_name: LRUCache
  block_cache_options:
    capacity : 8388608
    num_shard_bits : 4
    strict_capacity_limit : 0
    memory_allocator : None
    high_pri_pool_ratio: 0.000
  block_cache_compressed: 0x0
  persistent_cache: 0x0
  block_size: 4096
  block_size_deviation: 10
  block_restart_interval: 16
  index_block_restart_interval: 1
  metadata_block_size: 4096
  partition_filters: 0
  use_delta_encoding: 1
  filter_policy: nullptr
  whole_key_filtering: 1
  verify_compression: 0
  read_amp_bytes_per_bit: 0
  format_version: 4
  enable_index_compression: 1
  block_align: 0
2023/01/19-12:40:26.939875 20787e2c0        Options.write_buffer_size: 67108864
2023/01/19-12:40:26.939876 20787e2c0  Options.max_write_buffer_number: 2
2023/01/19-12:40:26.939877 20787e2c0          Options.compression: Snappy
2023/01/19-12:40:26.939878 20787e2c0                  Options.bottommost_compression: Disabled
2023/01/19-12:40:26.939880 20787e2c0       Options.prefix_extractor: nullptr
2023/01/19-12:40:26.939881 20787e2c0   Options.memtable_insert_with_hint_prefix_extractor: nullptr
2023/01/19-12:40:26.939882 20787e2c0             Options.num_levels: 7
2023/01/19-12:40:26.939882 20787e2c0        Options.min_write_buffer_number_to_merge: 1
2023/01/19-12:40:26.939883 20787e2c0     Options.max_write_buffer_number_to_maintain: 0
2023/01/19-12:40:26.939884 20787e2c0     Options.max_write_buffer_size_to_maintain: 0
2023/01/19-12:40:26.939885 20787e2c0            Options.bottommost_compression_opts.window_bits: -14
2023/01/19-12:40:26.939886 20787e2c0                  Options.bottommost_compression_opts.level: 32767
2023/01/19-12:40:26.939886 20787e2c0               Options.bottommost_compression_opts.strategy: 0
2023/01/19-12:40:26.939887 20787e2c0         Options.bottommost_compression_opts.max_dict_bytes: 0
2023/01/19-12:40:26.939888 20787e2c0         Options.bottommost_compression_opts.zstd_max_train_bytes: 0
2023/01/19-12:40:26.939889 20787e2c0         Options.bottommost_compression_opts.parallel_threads: 1
2023/01/19-12:40:26.939889 20787e2c0                  Options.bottommost_compression_opts.enabled: false
2023/01/19-12:40:26.939890 20787e2c0            Options.compression_opts.window_bits: -14
2023/01/19-12:40:26.939891 20787e2c0                  Options.compression_opts.level: 32767
2023/01/19-12:40:26.939899 20787e2c0               Options.compression_opts.strategy: 0
2023/01/19-12:40:26.939900 20787e2c0         Options.compression_opts.max_dict_bytes: 0
2023/01/19-12:40:26.939901 20787e2c0         Options.compression_opts.zstd_max_train_bytes: 0
2023/01/19-12:40:26.939901 20787e2c0         Options.compression_opts.parallel_threads: 1
2023/01/19-12:40:26.939902 20787e2c0                  Options.compression_opts.enabled: false
2023/01/19-12:40:26.939903 20787e2c0      Options.level0_file_num_compaction_trigger: 4
2023/01/19-12:40:26.939904 20787e2c0          Options.level0_slowdown_writes_trigger: 20
2023/01/19-12:40:26.939904 20787e2c0              Options.level0_stop_writes_trigger: 36
2023/01/19-12:40:26.939905 20787e2c0                   Options.target_file_size_base: 67108864
2023/01/19-12:40:26.939906 20787e2c0             Options.target_file_size_multiplier: 1
2023/01/19-12:40:26.939907 20787e2c0                Options.max_bytes_for_level_base: 268435456
2023/01/19-12:40:26.939907 20787e2c0 Options.level_compaction_dynamic_level_bytes: 0
2023/01/19-12:40:26.939908 20787e2c0          Options.max_bytes_for_level_multiplier: 10.000000
2023/01/19-12:40:26.939909 20787e2c0 Options.max_bytes_for_level_multiplier_addtl[0]: 1
2023/01/19-12:40:26.939910 20787e2c0 Options.max_bytes_for_level_multiplier_addtl[1]: 1
2023/01/19-12:40:26.939911 20787e2c0 Options.max_bytes_for_level_multiplier_addtl[2]: 1
2023/01/19-12:40:26.939912 20787e2c0 Options.max_bytes_for_level_multiplier_addtl[3]: 1
2023/01/19-12:40:26.939912 20787e2c0 Options.max_bytes_for_level_multiplier_addtl[4]: 1
2023/01/19-12:40:26.939913 20787e2c0 Options.max_bytes_for_level_multiplier_addtl[5]: 1
2023/01/19-12:40:26.939914 20787e2c0 Options.max_bytes_for_level_multiplier_addtl[6]: 1
2023/01/19-12:40:26.939915 20787e2c0       Options.max_sequential_skip_in_iterations: 8
2023/01/19-12:40:26.939915 20787e2c0                    Options.max_compaction_bytes: 1677721600
2023/01/19-12:40:26.939916 20787e2c0                        Options.arena_block_size: 8388608
2023/01/19-12:40:26.939917 20787e2c0   Options.soft_pending_compaction_bytes_limit: 68719476736
2023/01/19-12:40:26.939918 20787e2c0   Options.hard_pending_compaction_bytes_limit: 274877906944
2023/01/19-12:40:26.939919 20787e2c0       Options.rate_limit_delay_max_milliseconds: 100
2023/01/19-12:40:26.939919 20787e2c0                Options.disable_auto_compactions: 0
2023/01/19-12:40:26.939920 20787e2c0                        Options.compaction_style: kCompactionStyleLevel
2023/01/19-12:40:26.939922 20787e2c0                          Options.compaction_pri: kMinOverlappingRatio
2023/01/19-12:40:26.939922 20787e2c0 Options.compaction_options_universal.size_ratio: 1
2023/01/19-12:40:26.939923 20787e2c0 Options.compaction_options_universal.min_merge_width: 2
2023/01/19-12:40:26.939924 20787e2c0 Options.compaction_options_universal.max_merge_width: 4294967295
2023/01/19-12:40:26.939925 20787e2c0 Options.compaction_options_universal.max_size_amplification_percent: 200
2023/01/19-12:40:26.939926 20787e2c0 Options.compaction_options_universal.compression_size_percent: -1
2023/01/19-12:40:26.939927 20787e2c0 Options.compaction_options_universal.stop_style: kCompactionStopStyleTotalSize
2023/01/19-12:40:26.939927 20787e2c0 Options.compaction_options_fifo.max_table_files_size: 1073741824
2023/01/19-12:40:26.939928 20787e2c0 Options.compaction_options_fifo.allow_compaction: 0
2023/01/19-12:40:26.939931 20787e2c0                   Options.table_properties_collectors: 
2023/01/19-12:40:26.939931 20787e2c0                   Options.inplace_update_support: 0
2023/01/19-12:40:26.939932 20787e2c0                 Options.inplace_update_num_locks: 10000
2023/01/19-12:40:26.939933 20787e2c0               Options.memtable_prefix_bloom_size_ratio: 0.000000
2023/01/19-12:40:26.939934 20787e2c0               Options.memtable_whole_key_filtering: 0
2023/01/19-12:40:26.939934 20787e2c0   Options.memtable_huge_page_size: 0
2023/01/19-12:40:26.939935 20787e2c0                           Options.bloom_locality: 0
2023/01/19-12:40:26.939942 20787e2c0                    Options.max_successive_merges: 0
2023/01/19-12:40:26.939943 20787e2c0                Options.optimize_filters_for_hits: 0
2023/01/19-12:40:26.939944 20787e2c0                Options.paranoid_file_checks: 0
2023/01/19-12:40:26.939945 20787e2c0                Options.force_consistency_checks: 0
2023/01/19-12:40:26.939945 20787e2c0                Options.report_bg_io_stats: 0
2023/01/19-12:40:26.939946 20787e2c0                               Options.ttl: 2592000
2023/01/19-12:40:26.939947 20787e2c0          Options.periodic_compaction_seconds: 0
2023/01/19-12:40:26.940569 20787e2c0 [db/version_set.cc:4718] Recovered from manifest file:/Users/alessandrotezza/Origyn_Foundation/motokobootcamp2023/.dfx/network/local/state/replicated_state/node-100/ic_consensus_pool/consensus/MANIFEST-000001 succeeded,manifest_file_number is 1, next_file_number is 3, last_sequence is 0, log_number is 0,prev_log_number is 0,max_column_family is 0,min_log_number_to_keep is 0
2023/01/19-12:40:26.940571 20787e2c0 [db/version_set.cc:4727] Column family [default] (ID 0), log number is 0
2023/01/19-12:40:26.940887 20787e2c0 [db/version_set.cc:3950] Creating manifest 4
2023/01/19-12:40:26.941139 20787e2c0 [db/column_family.cc:580] --------------- Options for column family [RB]:
2023/01/19-12:40:26.941140 20787e2c0               Options.comparator: leveldb.BytewiseComparator
2023/01/19-12:40:26.941141 20787e2c0           Options.merge_operator: None
2023/01/19-12:40:26.941143 20787e2c0        Options.compaction_filter: filter_outdated
2023/01/19-12:40:26.941144 20787e2c0        Options.compaction_filter_factory: None
2023/01/19-12:40:26.941144 20787e2c0  Options.sst_partitioner_factory: None
2023/01/19-12:40:26.941145 20787e2c0         Options.memtable_factory: SkipListFactory
2023/01/19-12:40:26.941146 20787e2c0            Options.table_factory: BlockBasedTable
2023/01/19-12:40:26.941160 20787e2c0            table_factory options:   flush_block_policy_factory: FlushBlockBySizePolicyFactory (0x7fa24cf51ce0)
  cache_index_and_filter_blocks: 0
  cache_index_and_filter_blocks_with_high_priority: 1
  pin_l0_filter_and_index_blocks_in_cache: 0
  pin_top_level_index_and_filter: 1
  index_type: 0
  data_block_index_type: 0
  index_shortening: 1
  data_block_hash_table_util_ratio: 0.750000
  hash_index_allow_collision: 1
  checksum: 1
  no_block_cache: 0
  block_cache: 0x7fa24cf51d28
  block_cache_name: LRUCache
  block_cache_options:
    capacity : 8388608
    num_shard_bits : 4
    strict_capacity_limit : 0
    memory_allocator : None
    high_pri_pool_ratio: 0.000
  block_cache_compressed: 0x0
  persistent_cache: 0x0
  block_size: 4096
  block_size_deviation: 10
  block_restart_interval: 16
  index_block_restart_interval: 1
  metadata_block_size: 4096
  partition_filters: 0
  use_delta_encoding: 1
  filter_policy: nullptr
  whole_key_filtering: 1
  verify_compression: 0
  read_amp_bytes_per_bit: 0
  format_version: 4
  enable_index_compression: 1
  block_align: 0
2023/01/19-12:40:26.941161 20787e2c0        Options.write_buffer_size: 67108864
2023/01/19-12:40:26.941162 20787e2c0  Options.max_write_buffer_number: 2
2023/01/19-12:40:26.941163 20787e2c0          Options.compression: NoCompression
2023/01/19-12:40:26.941164 20787e2c0                  Options.bottommost_compression: Disabled
2023/01/19-12:40:26.941165 20787e2c0       Options.prefix_extractor: nullptr
2023/01/19-12:40:26.941166 20787e2c0   Options.memtable_insert_with_hint_prefix_extractor: nullptr
2023/01/19-12:40:26.941167 20787e2c0             Options.num_levels: 7
2023/01/19-12:40:26.941167 20787e2c0        Options.min_write_buffer_number_to_merge: 1
2023/01/19-12:40:26.941168 20787e2c0     Options.max_write_buffer_number_to_maintain: 0
2023/01/19-12:40:26.941169 20787e2c0     Options.max_write_buffer_size_to_maintain: 0
2023/01/19-12:40:26.941170 20787e2c0            Options.bottommost_compression_opts.window_bits: -14
2023/01/19-12:40:26.941170 20787e2c0                  Options.bottommost_compression_opts.level: 32767
2023/01/19-12:40:26.941171 20787e2c0               Options.bottommost_compression_opts.strategy: 0
2023/01/19-12:40:26.941172 20787e2c0         Options.bottommost_compression_opts.max_dict_bytes: 0
2023/01/19-12:40:26.941173 20787e2c0         Options.bottommost_compression_opts.zstd_max_train_bytes: 0
2023/01/19-12:40:26.941174 20787e2c0         Options.bottommost_compression_opts.parallel_threads: 1
2023/01/19-12:40:26.941174 20787e2c0                  Options.bottommost_compression_opts.enabled: false
2023/01/19-12:40:26.941175 20787e2c0            Options.compression_opts.window_bits: -14
2023/01/19-12:40:26.941176 20787e2c0                  Options.compression_opts.level: 32767
2023/01/19-12:40:26.941177 20787e2c0               Options.compression_opts.strategy: 0
2023/01/19-12:40:26.941178 20787e2c0         Options.compression_opts.max_dict_bytes: 0
2023/01/19-12:40:26.941178 20787e2c0         Options.compression_opts.zstd_max_train_bytes: 0
2023/01/19-12:40:26.941179 20787e2c0         Options.compression_opts.parallel_threads: 1
2023/01/19-12:40:26.941180 20787e2c0                  Options.compression_opts.enabled: false
2023/01/19-12:40:26.941181 20787e2c0      Options.level0_file_num_compaction_trigger: 4
2023/01/19-12:40:26.941188 20787e2c0          Options.level0_slowdown_writes_trigger: 20
2023/01/19-12:40:26.941189 20787e2c0              Options.level0_stop_writes_trigger: 36
2023/01/19-12:40:26.941190 20787e2c0                   Options.target_file_size_base: 67108864
2023/01/19-12:40:26.941191 20787e2c0             Options.target_file_size_multiplier: 1
2023/01/19-12:40:26.941191 20787e2c0                Options.max_bytes_for_level_base: 268435456
2023/01/19-12:40:26.941192 20787e2c0 Options.level_compaction_dynamic_level_bytes: 0
2023/01/19-12:40:26.941193 20787e2c0          Options.max_bytes_for_level_multiplier: 10.000000
2023/01/19-12:40:26.941194 20787e2c0 Options.max_bytes_for_level_multiplier_addtl[0]: 1
2023/01/19-12:40:26.941195 20787e2c0 Options.max_bytes_for_level_multiplier_addtl[1]: 1
2023/01/19-12:40:26.941196 20787e2c0 Options.max_bytes_for_level_multiplier_addtl[2]: 1
2023/01/19-12:40:26.941196 20787e2c0 Options.max_bytes_for_level_multiplier_addtl[3]: 1
2023/01/19-12:40:26.941197 20787e2c0 Options.max_bytes_for_level_multiplier_addtl[4]: 1
2023/01/19-12:40:26.941198 20787e2c0 Options.max_bytes_for_level_multiplier_addtl[5]: 1
2023/01/19-12:40:26.941199 20787e2c0 Options.max_bytes_for_level_multiplier_addtl[6]: 1
2023/01/19-12:40:26.941200 20787e2c0       Options.max_sequential_skip_in_iterations: 8
2023/01/19-12:40:26.941200 20787e2c0                    Options.max_compaction_bytes: 1677721600
2023/01/19-12:40:26.941201 20787e2c0                        Options.arena_block_size: 8388608
2023/01/19-12:40:26.941202 20787e2c0   Options.soft_pending_compaction_bytes_limit: 68719476736
2023/01/19-12:40:26.941203 20787e2c0   Options.hard_pending_compaction_bytes_limit: 274877906944
2023/01/19-12:40:26.941204 20787e2c0       Options.rate_limit_delay_max_milliseconds: 100
2023/01/19-12:40:26.941204 20787e2c0                Options.disable_auto_compactions: 1
2023/01/19-12:40:26.941205 20787e2c0                        Options.compaction_style: kCompactionStyleLevel
2023/01/19-12:40:26.941206 20787e2c0                          Options.compaction_pri: kMinOverlappingRatio
2023/01/19-12:40:26.941207 20787e2c0 Options.compaction_options_universal.size_ratio: 1
2023/01/19-12:40:26.941208 20787e2c0 Options.compaction_options_universal.min_merge_width: 2
2023/01/19-12:40:26.941209 20787e2c0 Options.compaction_options_universal.max_merge_width: 4294967295
2023/01/19-12:40:26.941209 20787e2c0 Options.compaction_options_universal.max_size_amplification_percent: 200
2023/01/19-12:40:26.941210 20787e2c0 Options.compaction_options_universal.compression_size_percent: -1
2023/01/19-12:40:26.941211 20787e2c0 Options.compaction_options_universal.stop_style: kCompactionStopStyleTotalSize
2023/01/19-12:40:26.941212 20787e2c0 Options.compaction_options_fifo.max_table_files_size: 1073741824
2023/01/19-12:40:26.941213 20787e2c0 Options.compaction_options_fifo.allow_compaction: 0
2023/01/19-12:40:26.941214 20787e2c0                   Options.table_properties_collectors: 
2023/01/19-12:40:26.941215 20787e2c0                   Options.inplace_update_support: 0
2023/01/19-12:40:26.941215 20787e2c0                 Options.inplace_update_num_locks: 10000
2023/01/19-12:40:26.941216 20787e2c0               Options.memtable_prefix_bloom_size_ratio: 0.000000
2023/01/19-12:40:26.941217 20787e2c0               Options.memtable_whole_key_filtering: 0
2023/01/19-12:40:26.941218 20787e2c0   Options.memtable_huge_page_size: 0
2023/01/19-12:40:26.941219 20787e2c0                           Options.bloom_locality: 0
2023/01/19-12:40:26.941219 20787e2c0                    Options.max_successive_merges: 0
2023/01/19-12:40:26.941220 20787e2c0                Options.optimize_filters_for_hits: 0
2023/01/19-12:40:26.941221 20787e2c0                Options.paranoid_file_checks: 0
2023/01/19-12:40:26.941222 20787e2c0                Options.force_consistency_checks: 0
2023/01/19-12:40:26.941222 20787e2c0                Options.report_bg_io_stats: 0
2023/01/19-12:40:26.941223 20787e2c0                               Options.ttl: 2592000
2023/01/19-12:40:26.941224 20787e2c0          Options.periodic_compaction_seconds: 2592000
2023/01/19-12:40:26.941296 20787e2c0 [db/db_impl/db_impl.cc:2563] Created column family [RB] (ID 1)
2023/01/19-12:40:26.942373 20787e2c0 [db/column_family.cc:580] --------------- Options for column family [FZ]:
2023/01/19-12:40:26.942374 20787e2c0               Options.comparator: leveldb.BytewiseComparator
2023/01/19-12:40:26.942375 20787e2c0           Options.merge_operator: None
2023/01/19-12:40:26.942376 20787e2c0        Options.compaction_filter: filter_outdated
2023/01/19-12:40:26.942377 20787e2c0        Options.compaction_filter_factory: None
2023/01/19-12:40:26.942378 20787e2c0  Options.sst_partitioner_factory: None
2023/01/19-12:40:26.942378 20787e2c0         Options.memtable_factory: SkipListFactory
2023/01/19-12:40:26.942379 20787e2c0            Options.table_factory: BlockBasedTable
2023/01/19-12:40:26.942390 20787e2c0            table_factory options:   flush_block_policy_factory: FlushBlockBySizePolicyFactory (0x7fa24cf528a0)
  cache_index_and_filter_blocks: 0
  cache_index_and_filter_blocks_with_high_priority: 1
  pin_l0_filter_and_index_blocks_in_cache: 0
  pin_top_level_index_and_filter: 1
  index_type: 0
  data_block_index_type: 0
  index_shortening: 1
  data_block_hash_table_util_ratio: 0.750000
  hash_index_allow_collision: 1
  checksum: 1
  no_block_cache: 0
  block_cache: 0x7fa24cf528e8
  block_cache_name: LRUCache
  block_cache_options:
    capacity : 8388608
    num_shard_bits : 4
    strict_capacity_limit : 0
    memory_allocator : None
    high_pri_pool_ratio: 0.000
  block_cache_compressed: 0x0
  persistent_cache: 0x0
  block_size: 4096
  block_size_deviation: 10
  block_restart_interval: 16
  index_block_restart_interval: 1
  metadata_block_size: 4096
  partition_filters: 0
  use_delta_encoding: 1
  filter_policy: nullptr
  whole_key_filtering: 1
  verify_compression: 0
  read_amp_bytes_per_bit: 0
  format_version: 4
  enable_index_compression: 1
  block_align: 0
2023/01/19-12:40:26.942392 20787e2c0        Options.write_buffer_size: 67108864
2023/01/19-12:40:26.942393 20787e2c0  Options.max_write_buffer_number: 2
2023/01/19-12:40:26.942394 20787e2c0          Options.compression: NoCompression
2023/01/19-12:40:26.942394 20787e2c0                  Options.bottommost_compression: Disabled
2023/01/19-12:40:26.942395 20787e2c0       Options.prefix_extractor: nullptr
2023/01/19-12:40:26.942396 20787e2c0   Options.memtable_insert_with_hint_prefix_extractor: nullptr
2023/01/19-12:40:26.942397 20787e2c0             Options.num_levels: 7
2023/01/19-12:40:26.942397 20787e2c0        Options.min_write_buffer_number_to_merge: 1
2023/01/19-12:40:26.942398 20787e2c0     Options.max_write_buffer_number_to_maintain: 0
2023/01/19-12:40:26.942399 20787e2c0     Options.max_write_buffer_size_to_maintain: 0
2023/01/19-12:40:26.942400 20787e2c0            Options.bottommost_compression_opts.window_bits: -14
2023/01/19-12:40:26.942400 20787e2c0                  Options.bottommost_compression_opts.level: 32767
2023/01/19-12:40:26.942401 20787e2c0               Options.bottommost_compression_opts.strategy: 0
2023/01/19-12:40:26.942402 20787e2c0         Options.bottommost_compression_opts.max_dict_bytes: 0
2023/01/19-12:40:26.942403 20787e2c0         Options.bottommost_compression_opts.zstd_max_train_bytes: 0
2023/01/19-12:40:26.942403 20787e2c0         Options.bottommost_compression_opts.parallel_threads: 1
2023/01/19-12:40:26.942404 20787e2c0                  Options.bottommost_compression_opts.enabled: false
2023/01/19-12:40:26.942405 20787e2c0            Options.compression_opts.window_bits: -14
2023/01/19-12:40:26.942406 20787e2c0                  Options.compression_opts.level: 32767
2023/01/19-12:40:26.942407 20787e2c0               Options.compression_opts.strategy: 0
2023/01/19-12:40:26.942407 20787e2c0         Options.compression_opts.max_dict_bytes: 0
2023/01/19-12:40:26.942408 20787e2c0         Options.compression_opts.zstd_max_train_bytes: 0
2023/01/19-12:40:26.942409 20787e2c0         Options.compression_opts.parallel_threads: 1
2023/01/19-12:40:26.942409 20787e2c0                  Options.compression_opts.enabled: false
2023/01/19-12:40:26.942410 20787e2c0      Options.level0_file_num_compaction_trigger: 4
2023/01/19-12:40:26.942418 20787e2c0          Options.level0_slowdown_writes_trigger: 20
2023/01/19-12:40:26.942419 20787e2c0              Options.level0_stop_writes_trigger: 36
2023/01/19-12:40:26.942420 20787e2c0                   Options.target_file_size_base: 67108864
2023/01/19-12:40:26.942420 20787e2c0             Options.target_file_size_multiplier: 1
2023/01/19-12:40:26.942421 20787e2c0                Options.max_bytes_for_level_base: 268435456
2023/01/19-12:40:26.942422 20787e2c0 Options.level_compaction_dynamic_level_bytes: 0
2023/01/19-12:40:26.942423 20787e2c0          Options.max_bytes_for_level_multiplier: 10.000000
2023/01/19-12:40:26.942424 20787e2c0 Options.max_bytes_for_level_multiplier_addtl[0]: 1
2023/01/19-12:40:26.942424 20787e2c0 Options.max_bytes_for_level_multiplier_addtl[1]: 1
2023/01/19-12:40:26.942425 20787e2c0 Options.max_bytes_for_level_multiplier_addtl[2]: 1
2023/01/19-12:40:26.942426 20787e2c0 Options.max_bytes_for_level_multiplier_addtl[3]: 1
2023/01/19-12:40:26.942427 20787e2c0 Options.max_bytes_for_level_multiplier_addtl[4]: 1
2023/01/19-12:40:26.942427 20787e2c0 Options.max_bytes_for_level_multiplier_addtl[5]: 1
2023/01/19-12:40:26.942428 20787e2c0 Options.max_bytes_for_level_multiplier_addtl[6]: 1
2023/01/19-12:40:26.942429 20787e2c0       Options.max_sequential_skip_in_iterations: 8
2023/01/19-12:40:26.942430 20787e2c0                    Options.max_compaction_bytes: 1677721600
2023/01/19-12:40:26.942431 20787e2c0                        Options.arena_block_size: 8388608
2023/01/19-12:40:26.942431 20787e2c0   Options.soft_pending_compaction_bytes_limit: 68719476736
2023/01/19-12:40:26.942432 20787e2c0   Options.hard_pending_compaction_bytes_limit: 274877906944
2023/01/19-12:40:26.942433 20787e2c0       Options.rate_limit_delay_max_milliseconds: 100
2023/01/19-12:40:26.942434 20787e2c0                Options.disable_auto_compactions: 1
2023/01/19-12:40:26.942434 20787e2c0                        Options.compaction_style: kCompactionStyleLevel
2023/01/19-12:40:26.942435 20787e2c0                          Options.compaction_pri: kMinOverlappingRatio
2023/01/19-12:40:26.942436 20787e2c0 Options.compaction_options_universal.size_ratio: 1
2023/01/19-12:40:26.942437 20787e2c0 Options.compaction_options_universal.min_merge_width: 2
2023/01/19-12:40:26.942437 20787e2c0 Options.compaction_options_universal.max_merge_width: 4294967295
2023/01/19-12:40:26.942438 20787e2c0 Options.compaction_options_universal.max_size_amplification_percent: 200
2023/01/19-12:40:26.942439 20787e2c0 Options.compaction_options_universal.compression_size_percent: -1
2023/01/19-12:40:26.942440 20787e2c0 Options.compaction_options_universal.stop_style: kCompactionStopStyleTotalSize
2023/01/19-12:40:26.942441 20787e2c0 Options.compaction_options_fifo.max_table_files_size: 1073741824
2023/01/19-12:40:26.942442 20787e2c0 Options.compaction_options_fifo.allow_compaction: 0
2023/01/19-12:40:26.942442 20787e2c0                   Options.table_properties_collectors: 
2023/01/19-12:40:26.942443 20787e2c0                   Options.inplace_update_support: 0
2023/01/19-12:40:26.942444 20787e2c0                 Options.inplace_update_num_locks: 10000
2023/01/19-12:40:26.942445 20787e2c0               Options.memtable_prefix_bloom_size_ratio: 0.000000
2023/01/19-12:40:26.942445 20787e2c0               Options.memtable_whole_key_filtering: 0
2023/01/19-12:40:26.942446 20787e2c0   Options.memtable_huge_page_size: 0
2023/01/19-12:40:26.942447 20787e2c0                           Options.bloom_locality: 0
2023/01/19-12:40:26.942448 20787e2c0                    Options.max_successive_merges: 0
2023/01/19-12:40:26.942448 20787e2c0                Options.optimize_filters_for_hits: 0
2023/01/19-12:40:26.942449 20787e2c0                Options.paranoid_file_checks: 0
2023/01/19-12:40:26.942450 20787e2c0                Options.force_consistency_checks: 0
2023/01/19-12:40:26.942451 20787e2c0                Options.report_bg_io_stats: 0
2023/01/19-12:40:26.942451 20787e2c0                               Options.ttl: 2592000
2023/01/19-12:40:26.942452 20787e2c0          Options.periodic_compaction_seconds: 2592000
2023/01/19-12:40:26.942492 20787e2c0 [db/db_impl/db_impl.cc:2563] Created column family [FZ] (ID 2)
2023/01/19-12:40:26.943569 20787e2c0 [db/column_family.cc:580] --------------- Options for column family [NZ]:
2023/01/19-12:40:26.943571 20787e2c0               Options.comparator: leveldb.BytewiseComparator
2023/01/19-12:40:26.943572 20787e2c0           Options.merge_operator: None
2023/01/19-12:40:26.943573 20787e2c0        Options.compaction_filter: filter_outdated
2023/01/19-12:40:26.943574 20787e2c0        Options.compaction_filter_factory: None
2023/01/19-12:40:26.943574 20787e2c0  Options.sst_partitioner_factory: None
2023/01/19-12:40:26.943575 20787e2c0         Options.memtable_factory: SkipListFactory
2023/01/19-12:40:26.943576 20787e2c0            Options.table_factory: BlockBasedTable
2023/01/19-12:40:26.943589 20787e2c0            table_factory options:   flush_block_policy_factory: FlushBlockBySizePolicyFactory (0x7fa24cf53460)
  cache_index_and_filter_blocks: 0
  cache_index_and_filter_blocks_with_high_priority: 1
  pin_l0_filter_and_index_blocks_in_cache: 0
  pin_top_level_index_and_filter: 1
  index_type: 0
  data_block_index_type: 0
  index_shortening: 1
  data_block_hash_table_util_ratio: 0.750000
  hash_index_allow_collision: 1
  checksum: 1
  no_block_cache: 0
  block_cache: 0x7fa24cf534a8
  block_cache_name: LRUCache
  block_cache_options:
    capacity : 8388608
    num_shard_bits : 4
    strict_capacity_limit : 0
    memory_allocator : None
    high_pri_pool_ratio: 0.000
  block_cache_compressed: 0x0
  persistent_cache: 0x0
  block_size: 4096
  block_size_deviation: 10
  block_restart_interval: 16
  index_block_restart_interval: 1
  metadata_block_size: 4096
  partition_filters: 0
  use_delta_encoding: 1
  filter_policy: nullptr
  whole_key_filtering: 1
  verify_compression: 0
  read_amp_bytes_per_bit: 0
  format_version: 4
  enable_index_compression: 1
  block_align: 0
2023/01/19-12:40:26.943590 20787e2c0        Options.write_buffer_size: 67108864
2023/01/19-12:40:26.943591 20787e2c0  Options.max_write_buffer_number: 2
2023/01/19-12:40:26.943592 20787e2c0          Options.compression: NoCompression
2023/01/19-12:40:26.943593 20787e2c0                  Options.bottommost_compression: Disabled
2023/01/19-12:40:26.943593 20787e2c0       Options.prefix_extractor: nullptr
2023/01/19-12:40:26.943594 20787e2c0   Options.memtable_insert_with_hint_prefix_extractor: nullptr
2023/01/19-12:40:26.943595 20787e2c0             Options.num_levels: 7
2023/01/19-12:40:26.943596 20787e2c0        Options.min_write_buffer_number_to_merge: 1
2023/01/19-12:40:26.943597 20787e2c0     Options.max_write_buffer_number_to_maintain: 0
2023/01/19-12:40:26.943597 20787e2c0     Options.max_write_buffer_size_to_maintain: 0
2023/01/19-12:40:26.943598 20787e2c0            Options.bottommost_compression_opts.window_bits: -14
2023/01/19-12:40:26.943599 20787e2c0                  Options.bottommost_compression_opts.level: 32767
2023/01/19-12:40:26.943600 20787e2c0               Options.bottommost_compression_opts.strategy: 0
2023/01/19-12:40:26.943600 20787e2c0         Options.bottommost_compression_opts.max_dict_bytes: 0
2023/01/19-12:40:26.943601 20787e2c0         Options.bottommost_compression_opts.zstd_max_train_bytes: 0
2023/01/19-12:40:26.943602 20787e2c0         Options.bottommost_compression_opts.parallel_threads: 1
2023/01/19-12:40:26.943603 20787e2c0                  Options.bottommost_compression_opts.enabled: false
2023/01/19-12:40:26.943604 20787e2c0            Options.compression_opts.window_bits: -14
2023/01/19-12:40:26.943604 20787e2c0                  Options.compression_opts.level: 32767
2023/01/19-12:40:26.943605 20787e2c0               Options.compression_opts.strategy: 0
2023/01/19-12:40:26.943606 20787e2c0         Options.compression_opts.max_dict_bytes: 0
2023/01/19-12:40:26.943607 20787e2c0         Options.compression_opts.zstd_max_train_bytes: 0
2023/01/19-12:40:26.943608 20787e2c0         Options.compression_opts.parallel_threads: 1
2023/01/19-12:40:26.943608 20787e2c0                  Options.compression_opts.enabled: false
2023/01/19-12:40:26.943609 20787e2c0      Options.level0_file_num_compaction_trigger: 4
2023/01/19-12:40:26.943616 20787e2c0          Options.level0_slowdown_writes_trigger: 20
2023/01/19-12:40:26.943617 20787e2c0              Options.level0_stop_writes_trigger: 36
2023/01/19-12:40:26.943618 20787e2c0                   Options.target_file_size_base: 67108864
2023/01/19-12:40:26.943619 20787e2c0             Options.target_file_size_multiplier: 1
2023/01/19-12:40:26.943620 20787e2c0                Options.max_bytes_for_level_base: 268435456
2023/01/19-12:40:26.943620 20787e2c0 Options.level_compaction_dynamic_level_bytes: 0
2023/01/19-12:40:26.943621 20787e2c0          Options.max_bytes_for_level_multiplier: 10.000000
2023/01/19-12:40:26.943622 20787e2c0 Options.max_bytes_for_level_multiplier_addtl[0]: 1
2023/01/19-12:40:26.943623 20787e2c0 Options.max_bytes_for_level_multiplier_addtl[1]: 1
2023/01/19-12:40:26.943624 20787e2c0 Options.max_bytes_for_level_multiplier_addtl[2]: 1
2023/01/19-12:40:26.943625 20787e2c0 Options.max_bytes_for_level_multiplier_addtl[3]: 1
2023/01/19-12:40:26.943625 20787e2c0 Options.max_bytes_for_level_multiplier_addtl[4]: 1
2023/01/19-12:40:26.943626 20787e2c0 Options.max_bytes_for_level_multiplier_addtl[5]: 1
2023/01/19-12:40:26.943627 20787e2c0 Options.max_bytes_for_level_multiplier_addtl[6]: 1
2023/01/19-12:40:26.943628 20787e2c0       Options.max_sequential_skip_in_iterations: 8
2023/01/19-12:40:26.943628 20787e2c0                    Options.max_compaction_bytes: 1677721600
